0 0.000000 
0 0.000000 
0 0.000000 
0 0.000000 
0 0.000000 
0 0.000000 
0 0.000000 
0 0.000000 
0 0.000000 
0 0.000000 
0 0.000000 
0 0.000000 
0 0.000000 
0 0.000000 
0 0.000000 
0 0.000000 
0 0.000000 
0 0.000000 
0 0.000000 
0 0.000000 
0 0.000000 
0 0.000000 
0 0.000000 
0 0.000000 
0 0.000000 
0 0.000000 
0 0.000000 
0 0.000000 
0 0.000000 
0 0.000000 
0 0.000000 
0 0.000000 
0 0.000000 
0 0.000000 
0 0.000000 
0 0.000000 
0 0.000000 
0 0.000000 
0 0.000000 
0 0.000000 
0 0.000000 
0 0.000000 
0 0.000000 
0 0.000000 
0 0.000000 
0 0.000000 
0 0.000000 
0 0.000000 
0 0.000000 
0 0.000000 
0 0.000000 
0 0.000000 
0 0.000000 
0 0.000000 
0 0.000000 
0 0.000000 
0 0.000000 
0 0.000000 
1 8.000000 
0 0.000000 
4 32.000000 
0 0.000000 
0 0.000000 
0 0.000000 
0 0.000000 
0 0.000000 
0 0.000000 
0 0.000000 
0 0.000000 
0 0.000000 
0 0.000000 
0 0.000000 
0 0.000000 
0 0.000000 
0 0.000000 
0 0.000000 
0 0.000000 
0 0.000000 
0 0.000000 
0 0.000000 
0 0.000000 
0 0.000000 
1 8.000000 
4 32.000000 
17 136.000000 
0 0.000000 
0 0.000000 
20 160.000000 
4 32.000000 
29 232.000000 
0 0.000000 
0 0.000000 
0 0.000000 
1 8.000000 
0 0.000000 
0 0.000000 
0 0.000000 
0 0.000000 
0 0.000000 
0 0.000000 
9 72.000000 
0 0.000000 
0 0.000000 
0 0.000000 
0 0.000000 
0 0.000000 
2 16.000000 
0 0.000000 
0 0.000000 
0 0.000000 
3 24.000000 
0 0.000000 
0 0.000000 
6 48.000000 
0 0.000000 
0 0.000000 
0 0.000000 
0 0.000000 
0 0.000000 
0 0.000000 
0 0.000000 
5 40.000000 
10 80.000000 
0 0.000000 
0 0.000000 
0 0.000000 
0 0.000000 
0 0.000000 
0 0.000000 
0 0.000000 
0 0.000000 
0 0.000000 
0 0.000000 
0 0.000000 
0 0.000000 
0 0.000000 
0 0.000000 
0 0.000000 
0 0.000000 
0 0.000000 
0 0.000000 
0 0.000000 
0 0.000000 
0 0.000000 
0 0.000000 
0 0.000000 
0 0.000000 
0 0.000000 
0 0.000000 
0 0.000000 
0 0.000000 
0 0.000000 
0 0.000000 
0 0.000000 
0 0.000000 
0 0.000000 
0 0.000000 
0 0.000000 
0 0.000000 
0 0.000000 
0 0.000000 
0 0.000000 
0 0.000000 
0 0.000000 
0 0.000000 
0 0.000000 
0 0.000000 
0 0.000000 
0 0.000000 
0 0.000000 
0 0.000000 
0 0.000000 
20 160.000000 
0 0.000000 
0 0.000000 
0 0.000000 
0 0.000000 
0 0.000000 
0 0.000000 
0 0.000000 
0 0.000000 
0 0.000000 
12 96.000000 
0 0.000000 
1 8.000000 
0 0.000000 
0 0.000000 
0 0.000000 
0 0.000000 
0 0.000000 
0 0.000000 
0 0.000000 
0 0.000000 
0 0.000000 
0 0.000000 
0 0.000000 
0 0.000000 
0 0.000000 
2 16.000000 
1 8.000000 
0 0.000000 
0 0.000000 
0 0.000000 
0 0.000000 
0 0.000000 
0 0.000000 
0 0.000000 
0 0.000000 
0 0.000000 
0 0.000000 
0 0.000000 
0 0.000000 
0 0.000000 
0 0.000000 
0 0.000000 
0 0.000000 
0 0.000000 
0 0.000000 
0 0.000000 
0 0.000000 
0 0.000000 
0 0.000000 
0 0.000000 
0 0.000000 
0 0.000000 
0 0.000000 
0 0.000000 
0 0.000000 
0 0.000000 
0 0.000000 
0 0.000000 
0 0.000000 
0 0.000000 
12 96.000000 
6 48.000000 
7 56.000000 
15 120.000000 
3 24.000000 
13 104.000000 
1 8.000000 
6 48.000000 
4 32.000000 
0 0.000000 
0 0.000000 
0 0.000000 
0 0.000000 
0 0.000000 
0 0.000000 
1 8.000000 
0 0.000000 
0 0.000000 
0 0.000000 
0 0.000000 
0 0.000000 
0 0.000000 
0 0.000000 
0 0.000000 
0 0.000000 
3 24.000000 
0 0.000000 
0 0.000000 
5 40.000000 
0 0.000000 
2 16.000000 
0 0.000000 
1 8.000000 
0 0.000000 
0 0.000000 
0 0.000000 
1 8.000000 
0 0.000000 
0 0.000000 
0 0.000000 
7 56.000000 
0 0.000000 
1 8.000000 
35 280.000000 
0 0.000000 
0 0.000000 
6 48.000000 
0 0.000000 
0 0.000000 
0 0.000000 
0 0.000000 
0 0.000000 
0 0.000000 
0 0.000000 
0 0.000000 
0 0.000000 
3 24.000000 
0 0.000000 
5 40.000000 
0 0.000000 
0 0.000000 
39 312.000000 
5 40.000000 
0 0.000000 
0 0.000000 
0 0.000000 
0 0.000000 
0 0.000000 
0 0.000000 
0 0.000000 
0 0.000000 
0 0.000000 
5 40.000000 
0 0.000000 
2 16.000000 
0 0.000000 
38 304.000000 
3 24.000000 
1 8.000000 
0 0.000000 
5 40.000000 
0 0.000000 
30 240.000000 
0 0.000000 
0 0.000000 
0 0.000000 
0 0.000000 
0 0.000000 
0 0.000000 
0 0.000000 
0 0.000000 
0 0.000000 
0 0.000000 
0 0.000000 
0 0.000000 
0 0.000000 
0 0.000000 
0 0.000000 
0 0.000000 
0 0.000000 
0 0.000000 
0 0.000000 
0 0.000000 
0 0.000000 
0 0.000000 
11 88.000000 
0 0.000000 
12 96.000000 
0 0.000000 
5 40.000000 
6 48.000000 
1 8.000000 
0 0.000000 
0 0.000000 
0 0.000000 
0 0.000000 
0 0.000000 
0 0.000000 
0 0.000000 
0 0.000000 
0 0.000000 
0 0.000000 
0 0.000000 
0 0.000000 
1 8.000000 
0 0.000000 
0 0.000000 
0 0.000000 
0 0.000000 
0 0.000000 
19 152.000000 
0 0.000000 
0 0.000000 
0 0.000000 
0 0.000000 
0 0.000000 
0 0.000000 
0 0.000000 
0 0.000000 
0 0.000000 
0 0.000000 
0 0.000000 
0 0.000000 
0 0.000000 
0 0.000000 
28 224.000000 
0 0.000000 
0 0.000000 
0 0.000000 
0 0.000000 
1 8.000000 
0 0.000000 
0 0.000000 
0 0.000000 
0 0.000000 
0 0.000000 
0 0.000000 
0 0.000000 
0 0.000000 
0 0.000000 
0 0.000000 
0 0.000000 
0 0.000000 
16 128.000000 
0 0.000000 
0 0.000000 
12 96.000000 
3 24.000000 
23 184.000000 
0 0.000000 
14 112.000000 
0 0.000000 
2 16.000000 
0 0.000000 
5 40.000000 
0 0.000000 
0 0.000000 
13 104.000000 
0 0.000000 
2 16.000000 
3 24.000000 
0 0.000000 
0 0.000000 
0 0.000000 
48 384.000000 
20 160.000000 
5 40.000000 
0 0.000000 
30 240.000000 
9 72.000000 
0 0.000000 
14 112.000000 
19 152.000000 
0 0.000000 
0 0.000000 
0 0.000000 
9 72.000000 
1 8.000000 
20 160.000000 
0 0.000000 
62 496.000000 
52 416.000000 
0 0.000000 
0 0.000000 
0 0.000000 
0 0.000000 
0 0.000000 
5 40.000000 
13 104.000000 
22 176.000000 
4 32.000000 
0 0.000000 
1 8.000000 
0 0.000000 
0 0.000000 
0 0.000000 
0 0.000000 
0 0.000000 
0 0.000000 
1 8.000000 
0 0.000000 
0 0.000000 
0 0.000000 
0 0.000000 
0 0.000000 
0 0.000000 
0 0.000000 
0 0.000000 
0 0.000000 
0 0.000000 
0 0.000000 
0 0.000000 
0 0.000000 
0 0.000000 
0 0.000000 
0 0.000000 
0 0.000000 
0 0.000000 
0 0.000000 
0 0.000000 
0 0.000000 
0 0.000000 
0 0.000000 
0 0.000000 
0 0.000000 
0 0.000000 
0 0.000000 
0 0.000000 
0 0.000000 
0 0.000000 
0 0.000000 
0 0.000000 
0 0.000000 
0 0.000000 
0 0.000000 
0 0.000000 
0 0.000000 
0 0.000000 
0 0.000000 
1 8.000000 
0 0.000000 
12 96.000000 
0 0.000000 
8 64.000000 
0 0.000000 
0 0.000000 
0 0.000000 
0 0.000000 
0 0.000000 
0 0.000000 
0 0.000000 
0 0.000000 
0 0.000000 
0 0.000000 
0 0.000000 
0 0.000000 
0 0.000000 
0 0.000000 
0 0.000000 
0 0.000000 
0 0.000000 
0 0.000000 
0 0.000000 
0 0.000000 
0 0.000000 
0 0.000000 
0 0.000000 
0 0.000000 
0 0.000000 
0 0.000000 
0 0.000000 
0 0.000000 
0 0.000000 
0 0.000000 
0 0.000000 
0 0.000000 
0 0.000000 
0 0.000000 
0 0.000000 
0 0.000000 
0 0.000000 
0 0.000000 
0 0.000000 
0 0.000000 
0 0.000000 
0 0.000000 
0 0.000000 
0 0.000000 
0 0.000000 
0 0.000000 
0 0.000000 
0 0.000000 
0 0.000000 
0 0.000000 
0 0.000000 
0 0.000000 
0 0.000000 
0 0.000000 
0 0.000000 
0 0.000000 
0 0.000000 
0 0.000000 
0 0.000000 
0 0.000000 
0 0.000000 
0 0.000000 
0 0.000000 
0 0.000000 
0 0.000000 
0 0.000000 
0 0.000000 
0 0.000000 
0 0.000000 
0 0.000000 
0 0.000000 
0 0.000000 
0 0.000000 
18 144.000000 
0 0.000000 
0 0.000000 
3 24.000000 
0 0.000000 
4 32.000000 
0 0.000000 
17 136.000000 
0 0.000000 
6 48.000000 
0 0.000000 
0 0.000000 
0 0.000000 
0 0.000000 
0 0.000000 
0 0.000000 
0 0.000000 
0 0.000000 
0 0.000000 
0 0.000000 
0 0.000000 
0 0.000000 
6 48.000000 
0 0.000000 
6 48.000000 
0 0.000000 
0 0.000000 
0 0.000000 
0 0.000000 
0 0.000000 
0 0.000000 
0 0.000000 
0 0.000000 
51 408.000000 
1 8.000000 
0 0.000000 
0 0.000000 
0 0.000000 
0 0.000000 
0 0.000000 
0 0.000000 
5 40.000000 
0 0.000000 
0 0.000000 
0 0.000000 
0 0.000000 
0 0.000000 
0 0.000000 
0 0.000000 
0 0.000000 
0 0.000000 
0 0.000000 
0 0.000000 
0 0.000000 
0 0.000000 
0 0.000000 
0 0.000000 
0 0.000000 
0 0.000000 
0 0.000000 
0 0.000000 
9 72.000000 
2 16.000000 
0 0.000000 
0 0.000000 
0 0.000000 
0 0.000000 
3 24.000000 
0 0.000000 
0 0.000000 
0 0.000000 
0 0.000000 
0 0.000000 
0 0.000000 
0 0.000000 
0 0.000000 
0 0.000000 
0 0.000000 
0 0.000000 
0 0.000000 
0 0.000000 
0 0.000000 
1 8.000000 
0 0.000000 
0 0.000000 
0 0.000000 
0 0.000000 
1 8.000000 
0 0.000000 
0 0.000000 
0 0.000000 
0 0.000000 
0 0.000000 
0 0.000000 
0 0.000000 
0 0.000000 
2 16.000000 
0 0.000000 
0 0.000000 
0 0.000000 
8 64.000000 
0 0.000000 
0 0.000000 
0 0.000000 
0 0.000000 
0 0.000000 
2 16.000000 
0 0.000000 
3 24.000000 
0 0.000000 
0 0.000000 
0 0.000000 
20 160.000000 
0 0.000000 
0 0.000000 
0 0.000000 
0 0.000000 
0 0.000000 
0 0.000000 
0 0.000000 
0 0.000000 
0 0.000000 
0 0.000000 
0 0.000000 
0 0.000000 
0 0.000000 
0 0.000000 
0 0.000000 
0 0.000000 
5 40.000000 
0 0.000000 
0 0.000000 
0 0.000000 
0 0.000000 
0 0.000000 
0 0.000000 
0 0.000000 
0 0.000000 
0 0.000000 
0 0.000000 
4 32.000000 
0 0.000000 
0 0.000000 
0 0.000000 
0 0.000000 
0 0.000000 
11 88.000000 
0 0.000000 
0 0.000000 
0 0.000000 
5 40.000000 
8 64.000000 
0 0.000000 
26 208.000000 
35 280.000000 
0 0.000000 
0 0.000000 
0 0.000000 
0 0.000000 
0 0.000000 
10 80.000000 
0 0.000000 
0 0.000000 
3 24.000000 
21 168.000000 
7 56.000000 
0 0.000000 
0 0.000000 
0 0.000000 
0 0.000000 
0 0.000000 
0 0.000000 
3 24.000000 
1 8.000000 
0 0.000000 
0 0.000000 
0 0.000000 
0 0.000000 
5 40.000000 
16 128.000000 
11 88.000000 
18 144.000000 
6 48.000000 
3 24.000000 
0 0.000000 
0 0.000000 
0 0.000000 
5 40.000000 
0 0.000000 
0 0.000000 
0 0.000000 
0 0.000000 
0 0.000000 
3 24.000000 
0 0.000000 
0 0.000000 
0 0.000000 
0 0.000000 
0 0.000000 
0 0.000000 
0 0.000000 
0 0.000000 
35 280.000000 
5 40.000000 
10 80.000000 
0 0.000000 
4 32.000000 
37 296.000000 
0 0.000000 
5 40.000000 
0 0.000000 
0 0.000000 
0 0.000000 
3 24.000000 
0 0.000000 
19 152.000000 
2 16.000000 
21 168.000000 
1 8.000000 
2 16.000000 
2 16.000000 
0 0.000000 
0 0.000000 
0 0.000000 
0 0.000000 
0 0.000000 
0 0.000000 
0 0.000000 
0 0.000000 
1 8.000000 
0 0.000000 
0 0.000000 
1 8.000000 
1 8.000000 
0 0.000000 
0 0.000000 
4 32.000000 
0 0.000000 
23 184.000000 
0 0.000000 
2 16.000000 
0 0.000000 
0 0.000000 
0 0.000000 
0 0.000000 
0 0.000000 
28 224.000000 
0 0.000000 
0 0.000000 
0 0.000000 
0 0.000000 
0 0.000000 
0 0.000000 
0 0.000000 
0 0.000000 
0 0.000000 
0 0.000000 
10 80.000000 
58 464.000000 
49 392.000000 
0 0.000000 
0 0.000000 
26 208.000000 
11 88.000000 
0 0.000000 
0 0.000000 
0 0.000000 
0 0.000000 
0 0.000000 
0 0.000000 
0 0.000000 
0 0.000000 
4 32.000000 
0 0.000000 
15 120.000000 
0 0.000000 
0 0.000000 
0 0.000000 
0 0.000000 
0 0.000000 
0 0.000000 
0 0.000000 
0 0.000000 
0 0.000000 
0 0.000000 
0 0.000000 
0 0.000000 
0 0.000000 
0 0.000000 
0 0.000000 
0 0.000000 
5 40.000000 
0 0.000000 
30 240.000000 
8 64.000000 
23 184.000000 
15 120.000000 
0 0.000000 
0 0.000000 
0 0.000000 
0 0.000000 
0 0.000000 
0 0.000000 
0 0.000000 
8 64.000000 
0 0.000000 
61 488.000000 
18 144.000000 
1 8.000000 
42 336.000000 
38 304.000000 
0 0.000000 
24 192.000000 
4 32.000000 
1 8.000000 
7 56.000000 
1 8.000000 
1 8.000000 
17 136.000000 
0 0.000000 
33 264.000000 
0 0.000000 
0 0.000000 
9 72.000000 
2 16.000000 
0 0.000000 
0 0.000000 
0 0.000000 
0 0.000000 
20 160.000000 
1 8.000000 
2 16.000000 
0 0.000000 
0 0.000000 
0 0.000000 
0 0.000000 
0 0.000000 
0 0.000000 
0 0.000000 
0 0.000000 
0 0.000000 
0 0.000000 
0 0.000000 
0 0.000000 
0 0.000000 
0 0.000000 
0 0.000000 
0 0.000000 
6 48.000000 
0 0.000000 
0 0.000000 
0 0.000000 
0 0.000000 
0 0.000000 
0 0.000000 
0 0.000000 
0 0.000000 
0 0.000000 
0 0.000000 
0 0.000000 
0 0.000000 
0 0.000000 
0 0.000000 
0 0.000000 
0 0.000000 
0 0.000000 
0 0.000000 
0 0.000000 
0 0.000000 
1 8.000000 
0 0.000000 
0 0.000000 
8 64.000000 
0 0.000000 
0 0.000000 
0 0.000000 
7 56.000000 
29 232.000000 
8 64.000000 
0 0.000000 
36 288.000000 
17 136.000000 
10 80.000000 
0 0.000000 
20 160.000000 
1 8.000000 
0 0.000000 
0 0.000000 
0 0.000000 
0 0.000000 
0 0.000000 
0 0.000000 
0 0.000000 
0 0.000000 
0 0.000000 
0 0.000000 
0 0.000000 
0 0.000000 
0 0.000000 
0 0.000000 
0 0.000000 
0 0.000000 
28 224.000000 
0 0.000000 
0 0.000000 
26 208.000000 
0 0.000000 
0 0.000000 
0 0.000000 
0 0.000000 
0 0.000000 
0 0.000000 
0 0.000000 
0 0.000000 
0 0.000000 
0 0.000000 
0 0.000000 
0 0.000000 
0 0.000000 
0 0.000000 
0 0.000000 
0 0.000000 
0 0.000000 
0 0.000000 
0 0.000000 
0 0.000000 
3 24.000000 
22 176.000000 
0 0.000000 
0 0.000000 
