0 0.000000 
0 0.000000 
0 0.000000 
0 0.000000 
0 0.000000 
0 0.000000 
0 0.000000 
0 0.000000 
0 0.000000 
0 0.000000 
0 0.000000 
0 0.000000 
0 0.000000 
0 0.000000 
0 0.000000 
0 0.000000 
0 0.000000 
0 0.000000 
0 0.000000 
0 0.000000 
0 0.000000 
0 0.000000 
0 0.000000 
0 0.000000 
0 0.000000 
0 0.000000 
0 0.000000 
0 0.000000 
0 0.000000 
0 0.000000 
0 0.000000 
0 0.000000 
0 0.000000 
0 0.000000 
0 0.000000 
0 0.000000 
0 0.000000 
0 0.000000 
0 0.000000 
0 0.000000 
1 8.000000 
0 0.000000 
0 0.000000 
0 0.000000 
0 0.000000 
0 0.000000 
0 0.000000 
0 0.000000 
0 0.000000 
0 0.000000 
0 0.000000 
0 0.000000 
0 0.000000 
0 0.000000 
0 0.000000 
0 0.000000 
0 0.000000 
0 0.000000 
0 0.000000 
0 0.000000 
0 0.000000 
0 0.000000 
0 0.000000 
0 0.000000 
0 0.000000 
0 0.000000 
0 0.000000 
0 0.000000 
0 0.000000 
0 0.000000 
0 0.000000 
0 0.000000 
0 0.000000 
0 0.000000 
0 0.000000 
0 0.000000 
0 0.000000 
0 0.000000 
0 0.000000 
0 0.000000 
0 0.000000 
0 0.000000 
0 0.000000 
0 0.000000 
3 24.000000 
0 0.000000 
0 0.000000 
5 40.000000 
0 0.000000 
24 192.000000 
0 0.000000 
0 0.000000 
0 0.000000 
0 0.000000 
0 0.000000 
0 0.000000 
0 0.000000 
0 0.000000 
0 0.000000 
0 0.000000 
0 0.000000 
0 0.000000 
0 0.000000 
0 0.000000 
0 0.000000 
0 0.000000 
0 0.000000 
0 0.000000 
0 0.000000 
0 0.000000 
0 0.000000 
0 0.000000 
0 0.000000 
0 0.000000 
0 0.000000 
0 0.000000 
0 0.000000 
0 0.000000 
0 0.000000 
0 0.000000 
0 0.000000 
0 0.000000 
0 0.000000 
0 0.000000 
0 0.000000 
0 0.000000 
0 0.000000 
0 0.000000 
0 0.000000 
0 0.000000 
0 0.000000 
0 0.000000 
0 0.000000 
0 0.000000 
0 0.000000 
0 0.000000 
0 0.000000 
0 0.000000 
0 0.000000 
0 0.000000 
0 0.000000 
0 0.000000 
0 0.000000 
0 0.000000 
0 0.000000 
0 0.000000 
0 0.000000 
0 0.000000 
0 0.000000 
0 0.000000 
0 0.000000 
0 0.000000 
0 0.000000 
0 0.000000 
0 0.000000 
0 0.000000 
0 0.000000 
0 0.000000 
0 0.000000 
0 0.000000 
0 0.000000 
0 0.000000 
0 0.000000 
0 0.000000 
0 0.000000 
0 0.000000 
0 0.000000 
0 0.000000 
0 0.000000 
0 0.000000 
0 0.000000 
0 0.000000 
0 0.000000 
0 0.000000 
0 0.000000 
0 0.000000 
0 0.000000 
0 0.000000 
0 0.000000 
0 0.000000 
0 0.000000 
0 0.000000 
0 0.000000 
0 0.000000 
0 0.000000 
0 0.000000 
0 0.000000 
0 0.000000 
0 0.000000 
0 0.000000 
0 0.000000 
0 0.000000 
0 0.000000 
0 0.000000 
0 0.000000 
0 0.000000 
0 0.000000 
0 0.000000 
0 0.000000 
0 0.000000 
0 0.000000 
0 0.000000 
0 0.000000 
0 0.000000 
0 0.000000 
0 0.000000 
0 0.000000 
0 0.000000 
0 0.000000 
0 0.000000 
0 0.000000 
0 0.000000 
0 0.000000 
0 0.000000 
0 0.000000 
0 0.000000 
0 0.000000 
0 0.000000 
0 0.000000 
0 0.000000 
0 0.000000 
0 0.000000 
0 0.000000 
0 0.000000 
0 0.000000 
0 0.000000 
0 0.000000 
0 0.000000 
0 0.000000 
0 0.000000 
0 0.000000 
0 0.000000 
0 0.000000 
0 0.000000 
0 0.000000 
0 0.000000 
0 0.000000 
0 0.000000 
0 0.000000 
0 0.000000 
0 0.000000 
0 0.000000 
0 0.000000 
0 0.000000 
1 8.000000 
0 0.000000 
0 0.000000 
0 0.000000 
0 0.000000 
0 0.000000 
37 296.000000 
0 0.000000 
0 0.000000 
0 0.000000 
0 0.000000 
0 0.000000 
2 16.000000 
0 0.000000 
0 0.000000 
0 0.000000 
0 0.000000 
0 0.000000 
0 0.000000 
0 0.000000 
0 0.000000 
0 0.000000 
0 0.000000 
0 0.000000 
0 0.000000 
0 0.000000 
0 0.000000 
0 0.000000 
0 0.000000 
0 0.000000 
1 8.000000 
0 0.000000 
0 0.000000 
0 0.000000 
3 24.000000 
0 0.000000 
0 0.000000 
0 0.000000 
0 0.000000 
9 72.000000 
0 0.000000 
0 0.000000 
4 32.000000 
0 0.000000 
3 24.000000 
0 0.000000 
0 0.000000 
0 0.000000 
21 168.000000 
0 0.000000 
7 56.000000 
0 0.000000 
0 0.000000 
0 0.000000 
0 0.000000 
0 0.000000 
0 0.000000 
0 0.000000 
0 0.000000 
0 0.000000 
0 0.000000 
0 0.000000 
0 0.000000 
0 0.000000 
0 0.000000 
3 24.000000 
0 0.000000 
0 0.000000 
0 0.000000 
15 120.000000 
7 56.000000 
7 56.000000 
31 248.000000 
0 0.000000 
0 0.000000 
0 0.000000 
0 0.000000 
0 0.000000 
0 0.000000 
0 0.000000 
0 0.000000 
0 0.000000 
0 0.000000 
0 0.000000 
0 0.000000 
0 0.000000 
0 0.000000 
0 0.000000 
0 0.000000 
0 0.000000 
0 0.000000 
0 0.000000 
0 0.000000 
0 0.000000 
0 0.000000 
0 0.000000 
0 0.000000 
0 0.000000 
0 0.000000 
0 0.000000 
0 0.000000 
0 0.000000 
0 0.000000 
0 0.000000 
0 0.000000 
0 0.000000 
0 0.000000 
0 0.000000 
0 0.000000 
0 0.000000 
0 0.000000 
0 0.000000 
0 0.000000 
0 0.000000 
54 432.000000 
36 288.000000 
0 0.000000 
0 0.000000 
0 0.000000 
0 0.000000 
0 0.000000 
0 0.000000 
4 32.000000 
8 64.000000 
11 88.000000 
7 56.000000 
0 0.000000 
0 0.000000 
66 528.000000 
19 152.000000 
0 0.000000 
0 0.000000 
0 0.000000 
0 0.000000 
0 0.000000 
0 0.000000 
0 0.000000 
0 0.000000 
0 0.000000 
0 0.000000 
0 0.000000 
0 0.000000 
0 0.000000 
0 0.000000 
0 0.000000 
0 0.000000 
0 0.000000 
0 0.000000 
0 0.000000 
0 0.000000 
0 0.000000 
0 0.000000 
0 0.000000 
0 0.000000 
0 0.000000 
0 0.000000 
0 0.000000 
0 0.000000 
0 0.000000 
0 0.000000 
0 0.000000 
0 0.000000 
0 0.000000 
0 0.000000 
0 0.000000 
0 0.000000 
0 0.000000 
0 0.000000 
0 0.000000 
0 0.000000 
0 0.000000 
62 496.000000 
15 120.000000 
0 0.000000 
40 320.000000 
0 0.000000 
0 0.000000 
0 0.000000 
0 0.000000 
0 0.000000 
0 0.000000 
0 0.000000 
0 0.000000 
0 0.000000 
0 0.000000 
0 0.000000 
0 0.000000 
0 0.000000 
0 0.000000 
0 0.000000 
0 0.000000 
0 0.000000 
0 0.000000 
0 0.000000 
0 0.000000 
0 0.000000 
0 0.000000 
2 16.000000 
0 0.000000 
1 8.000000 
10 80.000000 
0 0.000000 
15 120.000000 
49 392.000000 
7 56.000000 
0 0.000000 
0 0.000000 
0 0.000000 
0 0.000000 
28 224.000000 
48 384.000000 
8 64.000000 
0 0.000000 
0 0.000000 
0 0.000000 
0 0.000000 
76 608.000000 
40 320.000000 
1 8.000000 
32 256.000000 
8 64.000000 
1 8.000000 
0 0.000000 
0 0.000000 
0 0.000000 
0 0.000000 
0 0.000000 
0 0.000000 
0 0.000000 
0 0.000000 
0 0.000000 
0 0.000000 
0 0.000000 
0 0.000000 
0 0.000000 
0 0.000000 
0 0.000000 
0 0.000000 
0 0.000000 
0 0.000000 
0 0.000000 
0 0.000000 
0 0.000000 
0 0.000000 
0 0.000000 
0 0.000000 
0 0.000000 
0 0.000000 
0 0.000000 
0 0.000000 
0 0.000000 
0 0.000000 
0 0.000000 
0 0.000000 
0 0.000000 
0 0.000000 
0 0.000000 
0 0.000000 
0 0.000000 
0 0.000000 
0 0.000000 
0 0.000000 
0 0.000000 
0 0.000000 
0 0.000000 
0 0.000000 
0 0.000000 
0 0.000000 
0 0.000000 
0 0.000000 
0 0.000000 
0 0.000000 
0 0.000000 
0 0.000000 
0 0.000000 
0 0.000000 
0 0.000000 
0 0.000000 
0 0.000000 
0 0.000000 
0 0.000000 
0 0.000000 
0 0.000000 
0 0.000000 
0 0.000000 
0 0.000000 
0 0.000000 
0 0.000000 
0 0.000000 
0 0.000000 
0 0.000000 
0 0.000000 
0 0.000000 
0 0.000000 
0 0.000000 
0 0.000000 
0 0.000000 
0 0.000000 
0 0.000000 
0 0.000000 
0 0.000000 
0 0.000000 
0 0.000000 
0 0.000000 
0 0.000000 
0 0.000000 
0 0.000000 
0 0.000000 
0 0.000000 
0 0.000000 
0 0.000000 
0 0.000000 
0 0.000000 
0 0.000000 
0 0.000000 
0 0.000000 
0 0.000000 
0 0.000000 
0 0.000000 
0 0.000000 
0 0.000000 
0 0.000000 
0 0.000000 
0 0.000000 
0 0.000000 
0 0.000000 
0 0.000000 
0 0.000000 
0 0.000000 
0 0.000000 
0 0.000000 
0 0.000000 
0 0.000000 
0 0.000000 
0 0.000000 
0 0.000000 
0 0.000000 
0 0.000000 
0 0.000000 
0 0.000000 
0 0.000000 
0 0.000000 
0 0.000000 
0 0.000000 
0 0.000000 
0 0.000000 
0 0.000000 
0 0.000000 
0 0.000000 
0 0.000000 
0 0.000000 
0 0.000000 
0 0.000000 
1 8.000000 
0 0.000000 
0 0.000000 
0 0.000000 
0 0.000000 
0 0.000000 
0 0.000000 
0 0.000000 
0 0.000000 
0 0.000000 
0 0.000000 
0 0.000000 
0 0.000000 
4 32.000000 
0 0.000000 
0 0.000000 
0 0.000000 
0 0.000000 
0 0.000000 
0 0.000000 
0 0.000000 
0 0.000000 
0 0.000000 
0 0.000000 
0 0.000000 
0 0.000000 
0 0.000000 
0 0.000000 
0 0.000000 
0 0.000000 
0 0.000000 
0 0.000000 
0 0.000000 
0 0.000000 
0 0.000000 
0 0.000000 
0 0.000000 
0 0.000000 
0 0.000000 
0 0.000000 
0 0.000000 
0 0.000000 
0 0.000000 
0 0.000000 
0 0.000000 
0 0.000000 
0 0.000000 
0 0.000000 
0 0.000000 
0 0.000000 
0 0.000000 
0 0.000000 
0 0.000000 
0 0.000000 
0 0.000000 
0 0.000000 
0 0.000000 
0 0.000000 
0 0.000000 
0 0.000000 
0 0.000000 
0 0.000000 
0 0.000000 
0 0.000000 
0 0.000000 
0 0.000000 
0 0.000000 
0 0.000000 
0 0.000000 
0 0.000000 
0 0.000000 
0 0.000000 
0 0.000000 
0 0.000000 
0 0.000000 
0 0.000000 
0 0.000000 
0 0.000000 
0 0.000000 
0 0.000000 
0 0.000000 
0 0.000000 
0 0.000000 
0 0.000000 
0 0.000000 
0 0.000000 
0 0.000000 
0 0.000000 
0 0.000000 
0 0.000000 
0 0.000000 
0 0.000000 
0 0.000000 
0 0.000000 
0 0.000000 
0 0.000000 
0 0.000000 
0 0.000000 
0 0.000000 
0 0.000000 
0 0.000000 
0 0.000000 
0 0.000000 
0 0.000000 
0 0.000000 
0 0.000000 
0 0.000000 
0 0.000000 
0 0.000000 
0 0.000000 
0 0.000000 
0 0.000000 
0 0.000000 
0 0.000000 
0 0.000000 
0 0.000000 
0 0.000000 
0 0.000000 
0 0.000000 
0 0.000000 
0 0.000000 
0 0.000000 
0 0.000000 
0 0.000000 
0 0.000000 
0 0.000000 
0 0.000000 
0 0.000000 
0 0.000000 
0 0.000000 
0 0.000000 
0 0.000000 
0 0.000000 
0 0.000000 
0 0.000000 
0 0.000000 
0 0.000000 
0 0.000000 
0 0.000000 
0 0.000000 
0 0.000000 
0 0.000000 
0 0.000000 
0 0.000000 
0 0.000000 
0 0.000000 
0 0.000000 
0 0.000000 
0 0.000000 
0 0.000000 
0 0.000000 
0 0.000000 
0 0.000000 
15 120.000000 
0 0.000000 
0 0.000000 
0 0.000000 
5 40.000000 
0 0.000000 
0 0.000000 
0 0.000000 
0 0.000000 
0 0.000000 
0 0.000000 
0 0.000000 
0 0.000000 
0 0.000000 
0 0.000000 
0 0.000000 
0 0.000000 
0 0.000000 
0 0.000000 
0 0.000000 
0 0.000000 
0 0.000000 
0 0.000000 
0 0.000000 
0 0.000000 
0 0.000000 
0 0.000000 
0 0.000000 
0 0.000000 
0 0.000000 
0 0.000000 
0 0.000000 
0 0.000000 
0 0.000000 
0 0.000000 
0 0.000000 
0 0.000000 
0 0.000000 
0 0.000000 
0 0.000000 
11 88.000000 
0 0.000000 
0 0.000000 
0 0.000000 
0 0.000000 
0 0.000000 
0 0.000000 
0 0.000000 
0 0.000000 
0 0.000000 
0 0.000000 
0 0.000000 
0 0.000000 
0 0.000000 
0 0.000000 
0 0.000000 
0 0.000000 
0 0.000000 
0 0.000000 
0 0.000000 
0 0.000000 
0 0.000000 
0 0.000000 
0 0.000000 
0 0.000000 
0 0.000000 
0 0.000000 
0 0.000000 
0 0.000000 
0 0.000000 
0 0.000000 
0 0.000000 
0 0.000000 
0 0.000000 
0 0.000000 
0 0.000000 
0 0.000000 
0 0.000000 
0 0.000000 
0 0.000000 
0 0.000000 
0 0.000000 
0 0.000000 
0 0.000000 
0 0.000000 
0 0.000000 
0 0.000000 
0 0.000000 
0 0.000000 
0 0.000000 
0 0.000000 
0 0.000000 
0 0.000000 
0 0.000000 
0 0.000000 
0 0.000000 
0 0.000000 
0 0.000000 
0 0.000000 
0 0.000000 
0 0.000000 
0 0.000000 
0 0.000000 
0 0.000000 
0 0.000000 
0 0.000000 
0 0.000000 
0 0.000000 
0 0.000000 
0 0.000000 
0 0.000000 
0 0.000000 
0 0.000000 
0 0.000000 
0 0.000000 
0 0.000000 
0 0.000000 
0 0.000000 
0 0.000000 
0 0.000000 
0 0.000000 
0 0.000000 
0 0.000000 
0 0.000000 
0 0.000000 
0 0.000000 
0 0.000000 
0 0.000000 
0 0.000000 
0 0.000000 
0 0.000000 
0 0.000000 
0 0.000000 
4 32.000000 
0 0.000000 
0 0.000000 
0 0.000000 
0 0.000000 
0 0.000000 
0 0.000000 
0 0.000000 
0 0.000000 
0 0.000000 
0 0.000000 
0 0.000000 
0 0.000000 
0 0.000000 
0 0.000000 
0 0.000000 
0 0.000000 
0 0.000000 
0 0.000000 
0 0.000000 
0 0.000000 
0 0.000000 
0 0.000000 
0 0.000000 
0 0.000000 
0 0.000000 
1 8.000000 
34 272.000000 
3 24.000000 
0 0.000000 
0 0.000000 
0 0.000000 
0 0.000000 
0 0.000000 
0 0.000000 
0 0.000000 
0 0.000000 
0 0.000000 
0 0.000000 
0 0.000000 
0 0.000000 
0 0.000000 
0 0.000000 
0 0.000000 
0 0.000000 
0 0.000000 
0 0.000000 
0 0.000000 
0 0.000000 
0 0.000000 
0 0.000000 
0 0.000000 
0 0.000000 
0 0.000000 
0 0.000000 
0 0.000000 
0 0.000000 
0 0.000000 
0 0.000000 
0 0.000000 
0 0.000000 
0 0.000000 
0 0.000000 
0 0.000000 
0 0.000000 
0 0.000000 
0 0.000000 
0 0.000000 
0 0.000000 
0 0.000000 
0 0.000000 
0 0.000000 
0 0.000000 
0 0.000000 
0 0.000000 
0 0.000000 
0 0.000000 
0 0.000000 
0 0.000000 
0 0.000000 
0 0.000000 
0 0.000000 
0 0.000000 
0 0.000000 
0 0.000000 
0 0.000000 
1 8.000000 
0 0.000000 
0 0.000000 
0 0.000000 
12 96.000000 
1 8.000000 
0 0.000000 
48 384.000000 
5 40.000000 
2 16.000000 
0 0.000000 
0 0.000000 
0 0.000000 
0 0.000000 
0 0.000000 
0 0.000000 
0 0.000000 
0 0.000000 
0 0.000000 
0 0.000000 
0 0.000000 
0 0.000000 
0 0.000000 
0 0.000000 
0 0.000000 
0 0.000000 
0 0.000000 
0 0.000000 
0 0.000000 
0 0.000000 
0 0.000000 
