235 1880.000000 
220 1760.000000 
104 832.000000 
131 1048.000000 
74 592.000000 
189 1512.000000 
55 440.000000 
242 1936.000000 
172 1376.000000 
93 744.000000 
216 1728.000000 
275 2200.000000 
126 1008.000000 
220 1760.000000 
157 1256.000000 
76 608.000000 
122 976.000000 
75 600.000000 
81 648.000000 
66 528.000000 
113 904.000000 
69 552.000000 
155 1240.000000 
138 1104.000000 
101 808.000000 
115 920.000000 
202 1616.000000 
315 2520.000000 
195 1560.000000 
153 1224.000000 
83 664.000000 
42 336.000000 
112 896.000000 
156 1248.000000 
89 712.000000 
161 1288.000000 
62 496.000000 
146 1168.000000 
124 992.000000 
94 752.000000 
67 536.000000 
161 1288.000000 
170 1360.000000 
172 1376.000000 
76 608.000000 
82 656.000000 
125 1000.000000 
38 304.000000 
265 2120.000000 
59 472.000000 
96 768.000000 
94 752.000000 
221 1768.000000 
184 1472.000000 
20 160.000000 
136 1088.000000 
70 560.000000 
149 1192.000000 
26 208.000000 
109 872.000000 
236 1888.000000 
180 1440.000000 
44 352.000000 
118 944.000000 
51 408.000000 
68 544.000000 
150 1200.000000 
115 920.000000 
71 568.000000 
185 1480.000000 
140 1120.000000 
128 1024.000000 
167 1336.000000 
117 936.000000 
129 1032.000000 
161 1288.000000 
103 824.000000 
144 1152.000000 
112 896.000000 
89 712.000000 
119 952.000000 
208 1664.000000 
212 1696.000000 
66 528.000000 
68 544.000000 
67 536.000000 
126 1008.000000 
87 696.000000 
149 1192.000000 
161 1288.000000 
69 552.000000 
69 552.000000 
72 576.000000 
120 960.000000 
69 552.000000 
61 488.000000 
37 296.000000 
87 696.000000 
65 520.000000 
81 648.000000 
213 1704.000000 
116 928.000000 
54 432.000000 
58 464.000000 
95 760.000000 
107 856.000000 
96 768.000000 
111 888.000000 
124 992.000000 
52 416.000000 
110 880.000000 
105 840.000000 
94 752.000000 
99 792.000000 
99 792.000000 
131 1048.000000 
142 1136.000000 
53 424.000000 
116 928.000000 
155 1240.000000 
131 1048.000000 
82 656.000000 
145 1160.000000 
193 1544.000000 
44 352.000000 
87 696.000000 
49 392.000000 
105 840.000000 
157 1256.000000 
124 992.000000 
166 1328.000000 
103 824.000000 
39 312.000000 
73 584.000000 
87 696.000000 
165 1320.000000 
170 1360.000000 
193 1544.000000 
135 1080.000000 
159 1272.000000 
90 720.000000 
123 984.000000 
99 792.000000 
214 1712.000000 
162 1296.000000 
75 600.000000 
213 1704.000000 
110 880.000000 
119 952.000000 
83 664.000000 
96 768.000000 
80 640.000000 
61 488.000000 
99 792.000000 
34 272.000000 
107 856.000000 
81 648.000000 
120 960.000000 
77 616.000000 
132 1056.000000 
57 456.000000 
141 1128.000000 
63 504.000000 
91 728.000000 
177 1416.000000 
90 720.000000 
114 912.000000 
106 848.000000 
86 688.000000 
129 1032.000000 
115 920.000000 
80 640.000000 
193 1544.000000 
223 1784.000000 
161 1288.000000 
157 1256.000000 
158 1264.000000 
326 2608.000000 
97 776.000000 
65 520.000000 
144 1152.000000 
146 1168.000000 
121 968.000000 
89 712.000000 
92 736.000000 
61 488.000000 
142 1136.000000 
132 1056.000000 
70 560.000000 
45 360.000000 
61 488.000000 
82 656.000000 
144 1152.000000 
119 952.000000 
107 856.000000 
132 1056.000000 
130 1040.000000 
101 808.000000 
138 1104.000000 
134 1072.000000 
114 912.000000 
70 560.000000 
76 608.000000 
112 896.000000 
37 296.000000 
74 592.000000 
137 1096.000000 
81 648.000000 
49 392.000000 
158 1264.000000 
88 704.000000 
152 1216.000000 
95 760.000000 
85 680.000000 
81 648.000000 
126 1008.000000 
127 1016.000000 
86 688.000000 
95 760.000000 
123 984.000000 
96 768.000000 
152 1216.000000 
173 1384.000000 
173 1384.000000 
215 1720.000000 
139 1112.000000 
284 2272.000000 
104 832.000000 
167 1336.000000 
141 1128.000000 
77 616.000000 
48 384.000000 
132 1056.000000 
113 904.000000 
155 1240.000000 
141 1128.000000 
91 728.000000 
191 1528.000000 
108 864.000000 
194 1552.000000 
205 1640.000000 
212 1696.000000 
119 952.000000 
72 576.000000 
11 88.000000 
216 1728.000000 
87 696.000000 
67 536.000000 
74 592.000000 
81 648.000000 
102 816.000000 
160 1280.000000 
180 1440.000000 
72 576.000000 
88 704.000000 
105 840.000000 
71 568.000000 
75 600.000000 
29 232.000000 
84 672.000000 
62 496.000000 
88 704.000000 
104 832.000000 
95 760.000000 
74 592.000000 
125 1000.000000 
69 552.000000 
358 2864.000000 
126 1008.000000 
179 1432.000000 
158 1264.000000 
109 872.000000 
144 1152.000000 
54 432.000000 
223 1784.000000 
95 760.000000 
85 680.000000 
80 640.000000 
204 1632.000000 
81 648.000000 
77 616.000000 
78 624.000000 
71 568.000000 
82 656.000000 
75 600.000000 
89 712.000000 
57 456.000000 
178 1424.000000 
103 824.000000 
116 928.000000 
112 896.000000 
85 680.000000 
115 920.000000 
107 856.000000 
278 2224.000000 
251 2008.000000 
209 1672.000000 
249 1992.000000 
160 1280.000000 
60 480.000000 
179 1432.000000 
241 1928.000000 
483 3864.000000 
236 1888.000000 
139 1112.000000 
208 1664.000000 
213 1704.000000 
59 472.000000 
237 1896.000000 
510 4080.000000 
278 2224.000000 
128 1024.000000 
226 1808.000000 
172 1376.000000 
167 1336.000000 
122 976.000000 
186 1488.000000 
168 1344.000000 
137 1096.000000 
74 592.000000 
144 1152.000000 
111 888.000000 
81 648.000000 
62 496.000000 
96 768.000000 
114 912.000000 
85 680.000000 
95 760.000000 
49 392.000000 
92 736.000000 
125 1000.000000 
95 760.000000 
224 1792.000000 
203 1624.000000 
194 1552.000000 
115 920.000000 
92 736.000000 
271 2168.000000 
132 1056.000000 
265 2120.000000 
175 1400.000000 
267 2136.000000 
254 2032.000000 
169 1352.000000 
167 1336.000000 
323 2584.000000 
181 1448.000000 
109 872.000000 
239 1912.000000 
87 696.000000 
278 2224.000000 
189 1512.000000 
122 976.000000 
215 1720.000000 
65 520.000000 
308 2464.000000 
118 944.000000 
207 1656.000000 
140 1120.000000 
78 624.000000 
119 952.000000 
123 984.000000 
63 504.000000 
116 928.000000 
54 432.000000 
40 320.000000 
41 328.000000 
40 320.000000 
47 376.000000 
38 304.000000 
27 216.000000 
46 368.000000 
221 1768.000000 
98 784.000000 
83 664.000000 
53 424.000000 
82 656.000000 
159 1272.000000 
122 976.000000 
109 872.000000 
91 728.000000 
116 928.000000 
138 1104.000000 
72 576.000000 
89 712.000000 
190 1520.000000 
135 1080.000000 
194 1552.000000 
122 976.000000 
84 672.000000 
107 856.000000 
143 1144.000000 
95 760.000000 
279 2232.000000 
271 2168.000000 
231 1848.000000 
238 1904.000000 
165 1320.000000 
359 2872.000000 
177 1416.000000 
212 1696.000000 
360 2880.000000 
117 936.000000 
189 1512.000000 
139 1112.000000 
103 824.000000 
118 944.000000 
187 1496.000000 
136 1088.000000 
89 712.000000 
175 1400.000000 
70 560.000000 
135 1080.000000 
103 824.000000 
129 1032.000000 
72 576.000000 
29 232.000000 
186 1488.000000 
385 3080.000000 
245 1960.000000 
255 2040.000000 
399 3192.000000 
234 1872.000000 
36 288.000000 
147 1176.000000 
155 1240.000000 
132 1056.000000 
76 608.000000 
244 1952.000000 
126 1008.000000 
137 1096.000000 
232 1856.000000 
121 968.000000 
236 1888.000000 
417 3336.000000 
313 2504.000000 
271 2168.000000 
50 400.000000 
98 784.000000 
114 912.000000 
175 1400.000000 
340 2720.000000 
210 1680.000000 
265 2120.000000 
145 1160.000000 
198 1584.000000 
224 1792.000000 
233 1864.000000 
206 1648.000000 
154 1232.000000 
152 1216.000000 
289 2312.000000 
216 1728.000000 
117 936.000000 
189 1512.000000 
242 1936.000000 
312 2496.000000 
234 1872.000000 
174 1392.000000 
113 904.000000 
140 1120.000000 
180 1440.000000 
107 856.000000 
249 1992.000000 
149 1192.000000 
15 120.000000 
120 960.000000 
34 272.000000 
133 1064.000000 
116 928.000000 
23 184.000000 
84 672.000000 
48 384.000000 
54 432.000000 
101 808.000000 
15 120.000000 
53 424.000000 
56 448.000000 
67 536.000000 
71 568.000000 
67 536.000000 
37 296.000000 
97 776.000000 
59 472.000000 
61 488.000000 
137 1096.000000 
52 416.000000 
64 512.000000 
55 440.000000 
68 544.000000 
69 552.000000 
102 816.000000 
70 560.000000 
118 944.000000 
61 488.000000 
126 1008.000000 
102 816.000000 
177 1416.000000 
73 584.000000 
154 1232.000000 
319 2552.000000 
314 2512.000000 
221 1768.000000 
62 496.000000 
186 1488.000000 
185 1480.000000 
121 968.000000 
197 1576.000000 
188 1504.000000 
80 640.000000 
194 1552.000000 
125 1000.000000 
105 840.000000 
117 936.000000 
140 1120.000000 
188 1504.000000 
226 1808.000000 
148 1184.000000 
60 480.000000 
86 688.000000 
151 1208.000000 
105 840.000000 
155 1240.000000 
249 1992.000000 
120 960.000000 
123 984.000000 
134 1072.000000 
124 992.000000 
156 1248.000000 
155 1240.000000 
197 1576.000000 
97 776.000000 
34 272.000000 
177 1416.000000 
146 1168.000000 
82 656.000000 
79 632.000000 
122 976.000000 
120 960.000000 
69 552.000000 
43 344.000000 
78 624.000000 
89 712.000000 
197 1576.000000 
164 1312.000000 
109 872.000000 
143 1144.000000 
62 496.000000 
162 1296.000000 
269 2152.000000 
217 1736.000000 
200 1600.000000 
85 680.000000 
79 632.000000 
47 376.000000 
130 1040.000000 
83 664.000000 
149 1192.000000 
126 1008.000000 
89 712.000000 
229 1832.000000 
91 728.000000 
77 616.000000 
201 1608.000000 
127 1016.000000 
178 1424.000000 
121 968.000000 
87 696.000000 
116 928.000000 
124 992.000000 
128 1024.000000 
63 504.000000 
230 1840.000000 
108 864.000000 
162 1296.000000 
152 1216.000000 
186 1488.000000 
224 1792.000000 
146 1168.000000 
199 1592.000000 
53 424.000000 
117 936.000000 
115 920.000000 
223 1784.000000 
78 624.000000 
31 248.000000 
47 376.000000 
65 520.000000 
71 568.000000 
356 2848.000000 
40 320.000000 
65 520.000000 
206 1648.000000 
100 800.000000 
110 880.000000 
72 576.000000 
52 416.000000 
52 416.000000 
225 1800.000000 
41 328.000000 
62 496.000000 
27 216.000000 
50 400.000000 
134 1072.000000 
115 920.000000 
114 912.000000 
105 840.000000 
84 672.000000 
97 776.000000 
75 600.000000 
145 1160.000000 
50 400.000000 
127 1016.000000 
89 712.000000 
60 480.000000 
149 1192.000000 
143 1144.000000 
69 552.000000 
55 440.000000 
96 768.000000 
114 912.000000 
23 184.000000 
100 800.000000 
57 456.000000 
57 456.000000 
128 1024.000000 
43 344.000000 
113 904.000000 
73 584.000000 
63 504.000000 
63 504.000000 
48 384.000000 
151 1208.000000 
61 488.000000 
97 776.000000 
47 376.000000 
86 688.000000 
91 728.000000 
115 920.000000 
61 488.000000 
61 488.000000 
130 1040.000000 
51 408.000000 
74 592.000000 
150 1200.000000 
39 312.000000 
170 1360.000000 
79 632.000000 
74 592.000000 
44 352.000000 
95 760.000000 
78 624.000000 
24 192.000000 
82 656.000000 
40 320.000000 
159 1272.000000 
169 1352.000000 
226 1808.000000 
104 832.000000 
115 920.000000 
124 992.000000 
176 1408.000000 
75 600.000000 
51 408.000000 
64 512.000000 
74 592.000000 
106 848.000000 
99 792.000000 
87 696.000000 
48 384.000000 
100 800.000000 
58 464.000000 
141 1128.000000 
53 424.000000 
61 488.000000 
173 1384.000000 
78 624.000000 
66 528.000000 
55 440.000000 
30 240.000000 
49 392.000000 
85 680.000000 
103 824.000000 
79 632.000000 
152 1216.000000 
85 680.000000 
263 2104.000000 
255 2040.000000 
189 1512.000000 
263 2104.000000 
83 664.000000 
166 1328.000000 
124 992.000000 
112 896.000000 
166 1328.000000 
227 1816.000000 
95 760.000000 
38 304.000000 
153 1224.000000 
170 1360.000000 
103 824.000000 
45 360.000000 
103 824.000000 
78 624.000000 
61 488.000000 
83 664.000000 
107 856.000000 
132 1056.000000 
153 1224.000000 
51 408.000000 
122 976.000000 
87 696.000000 
132 1056.000000 
53 424.000000 
170 1360.000000 
140 1120.000000 
71 568.000000 
113 904.000000 
90 720.000000 
82 656.000000 
180 1440.000000 
83 664.000000 
134 1072.000000 
104 832.000000 
116 928.000000 
97 776.000000 
111 888.000000 
124 992.000000 
62 496.000000 
242 1936.000000 
87 696.000000 
113 904.000000 
89 712.000000 
75 600.000000 
142 1136.000000 
163 1304.000000 
165 1320.000000 
149 1192.000000 
147 1176.000000 
113 904.000000 
140 1120.000000 
116 928.000000 
60 480.000000 
244 1952.000000 
161 1288.000000 
133 1064.000000 
92 736.000000 
125 1000.000000 
136 1088.000000 
81 648.000000 
109 872.000000 
91 728.000000 
69 552.000000 
105 840.000000 
106 848.000000 
146 1168.000000 
41 328.000000 
136 1088.000000 
127 1016.000000 
72 576.000000 
97 776.000000 
87 696.000000 
151 1208.000000 
262 2096.000000 
45 360.000000 
55 440.000000 
91 728.000000 
132 1056.000000 
108 864.000000 
186 1488.000000 
146 1168.000000 
64 512.000000 
130 1040.000000 
99 792.000000 
62 496.000000 
186 1488.000000 
77 616.000000 
119 952.000000 
48 384.000000 
79 632.000000 
52 416.000000 
111 888.000000 
59 472.000000 
119 952.000000 
113 904.000000 
150 1200.000000 
106 848.000000 
122 976.000000 
88 704.000000 
204 1632.000000 
294 2352.000000 
146 1168.000000 
104 832.000000 
77 616.000000 
96 768.000000 
301 2408.000000 
54 432.000000 
57 456.000000 
92 736.000000 
48 384.000000 
65 520.000000 
96 768.000000 
47 376.000000 
105 840.000000 
65 520.000000 
101 808.000000 
75 600.000000 
278 2224.000000 
70 560.000000 
125 1000.000000 
197 1576.000000 
138 1104.000000 
93 744.000000 
130 1040.000000 
102 816.000000 
149 1192.000000 
222 1776.000000 
88 704.000000 
261 2088.000000 
103 824.000000 
175 1400.000000 
125 1000.000000 
181 1448.000000 
248 1984.000000 
255 2040.000000 
396 3168.000000 
203 1624.000000 
421 3368.000000 
229 1832.000000 
378 3024.000000 
42 336.000000 
237 1896.000000 
205 1640.000000 
133 1064.000000 
323 2584.000000 
121 968.000000 
140 1120.000000 
108 864.000000 
125 1000.000000 
143 1144.000000 
105 840.000000 
110 880.000000 
47 376.000000 
119 952.000000 
145 1160.000000 
80 640.000000 
169 1352.000000 
98 784.000000 
138 1104.000000 
75 600.000000 
104 832.000000 
64 512.000000 
53 424.000000 
48 384.000000 
110 880.000000 
116 928.000000 
116 928.000000 
137 1096.000000 
172 1376.000000 
251 2008.000000 
147 1176.000000 
292 2336.000000 
84 672.000000 
118 944.000000 
19 152.000000 
181 1448.000000 
205 1640.000000 
254 2032.000000 
224 1792.000000 
264 2112.000000 
270 2160.000000 
197 1576.000000 
241 1928.000000 
286 2288.000000 
182 1456.000000 
97 776.000000 
214 1712.000000 
159 1272.000000 
256 2048.000000 
294 2352.000000 
96 768.000000 
339 2712.000000 
167 1336.000000 
219 1752.000000 
157 1256.000000 
135 1080.000000 
191 1528.000000 
157 1256.000000 
186 1488.000000 
244 1952.000000 
109 872.000000 
275 2200.000000 
62 496.000000 
165 1320.000000 
320 2560.000000 
234 1872.000000 
109 872.000000 
168 1344.000000 
267 2136.000000 
207 1656.000000 
168 1344.000000 
66 528.000000 
12 96.000000 
41 328.000000 
84 672.000000 
48 384.000000 
81 648.000000 
204 1632.000000 
79 632.000000 
159 1272.000000 
194 1552.000000 
228 1824.000000 
100 800.000000 
88 704.000000 
98 784.000000 
103 824.000000 
107 856.000000 
207 1656.000000 
71 568.000000 
108 864.000000 
119 952.000000 
87 696.000000 
110 880.000000 
149 1192.000000 
176 1408.000000 
140 1120.000000 
139 1112.000000 
78 624.000000 
371 2968.000000 
75 600.000000 
410 3280.000000 
180 1440.000000 
190 1520.000000 
246 1968.000000 
173 1384.000000 
121 968.000000 
210 1680.000000 
57 456.000000 
105 840.000000 
193 1544.000000 
91 728.000000 
73 584.000000 
174 1392.000000 
77 616.000000 
80 640.000000 
93 744.000000 
138 1104.000000 
73 584.000000 
99 792.000000 
210 1680.000000 
153 1224.000000 
177 1416.000000 
83 664.000000 
182 1456.000000 
192 1536.000000 
216 1728.000000 
295 2360.000000 
115 920.000000 
145 1160.000000 
184 1472.000000 
59 472.000000 
226 1808.000000 
380 3040.000000 
496 3968.000000 
77 616.000000 
163 1304.000000 
140 1120.000000 
58 464.000000 
272 2176.000000 
294 2352.000000 
152 1216.000000 
98 784.000000 
121 968.000000 
173 1384.000000 
198 1584.000000 
187 1496.000000 
255 2040.000000 
232 1856.000000 
74 592.000000 
237 1896.000000 
75 600.000000 
144 1152.000000 
42 336.000000 
171 1368.000000 
29 232.000000 
141 1128.000000 
40 320.000000 
88 704.000000 
65 520.000000 
130 1040.000000 
73 584.000000 
159 1272.000000 
70 560.000000 
110 880.000000 
103 824.000000 
122 976.000000 
132 1056.000000 
168 1344.000000 
76 608.000000 
88 704.000000 
